intrinsic:
934.9843987137998 0.0 696.1485637846193 
0.0 931.8415047600486 344.7484147654188 
0.0 0.0 1.0 
distortion:
-0.02828512246029281 -0.010677350984914206 -0.002874614874706579 -0.005086812006413152 0.09897584921348827 
