intrinsic:
971.0467314007697 0.0 715.1526958915315 
0.0 972.8152817167942 359.04002207688217 
0.0 0.0 1.0 
distortion:
-0.043743166263126604 0.12383903936320055 0.0035235633670847406 -0.003344179627115093 -0.17261653877752267 
