intrinsic:
1028.8447513895812 0.0 654.4174227764485 
0.0 1034.5240757587896 388.9993913516562 
0.0 0.0 1.0 
distortion:
-0.006003010749788671 -0.15075653680131432 0.0007354641938002874 -0.004979151981182297 0.23755408968236313 
