intrinsic:
961.9382004273565 0.0 620.2913765103486 
0.0 959.3563073090054 367.70787542819886 
0.0 0.0 1.0 
distortion:
-0.016622112863075595 -0.09455012915821084 -0.0023689814064435477 -0.005507359819404448 0.2645395708310269 
